init accts
0	0	-1
1	1	638
2	2	713
3	3	643
4	4	824
5	5	546
6	6	91
7	7	621
8	8	102
9	9	40
10	10	753
11	11	375
12	12	76
13	13	19
14	14	142
15	15	921
16	16	452
17	17	835
18	18	882
19	19	621
20	20	864
21	21	793
22	22	80
23	23	889
24	24	519
25	25	5
26	26	423
27	27	547
28	28	442
29	29	568
30	30	415
31	31	486
32	32	205
33	33	128
34	34	129
35	35	29
36	36	673
37	37	219
38	38	649
39	39	774
40	40	259
41	41	401
42	42	149
43	43	335
44	44	420
45	45	290
46	46	255
47	47	871
48	48	124
49	49	137
50	50	492
51	51	988
52	52	929
53	53	572
54	54	877
55	55	448
56	56	576
57	57	299
58	58	994
59	59	17
60	60	867
61	61	409
62	62	503
63	63	72
64	64	536
65	65	632
66	66	100
67	67	208
68	68	851
69	69	749
70	70	982
71	71	110
72	72	150
73	73	131
74	74	444
75	75	569
76	76	420
77	77	698
78	78	439
79	79	544
80	80	835
81	81	931
82	82	531
83	83	764
84	84	502
85	85	407
86	86	211
87	87	78
88	88	706
89	89	205
90	90	94
91	91	573
92	92	614
93	93	597
94	94	644
95	95	149
96	96	228
97	97	743
98	98	357
99	99	78
100	100	491
shuffled accts
0	0	-1
1	42	638
2	40	713
3	71	643
4	28	824
5	63	546
6	21	91
7	89	621
8	91	102
9	65	40
10	44	753
11	26	375
12	79	76
13	90	19
14	11	142
15	61	921
16	38	452
17	8	835
18	87	882
19	15	621
20	49	864
21	25	793
22	54	80
23	96	889
24	85	519
25	41	5
26	50	423
27	12	547
28	57	442
29	46	568
30	77	415
31	53	486
32	80	205
33	1	128
34	93	129
35	2	29
36	13	673
37	16	219
38	43	649
39	45	774
40	19	259
41	59	401
42	6	149
43	60	335
44	66	420
45	18	290
46	67	255
47	92	871
48	62	124
49	31	137
50	99	492
51	86	988
52	27	929
53	3	572
54	82	877
55	14	448
56	10	576
57	4	299
58	100	994
59	69	17
60	70	867
61	56	409
62	81	503
63	78	72
64	22	536
65	83	632
66	55	100
67	68	208
68	36	851
69	23	749
70	76	982
71	88	110
72	75	150
73	9	131
74	52	444
75	5	569
76	95	420
77	39	698
78	37	439
79	24	544
80	97	835
81	74	931
82	98	531
83	35	764
84	29	502
85	58	407
86	32	211
87	72	78
88	64	706
89	51	205
90	7	94
91	48	573
92	47	614
93	33	597
94	84	644
95	30	149
96	94	228
97	34	743
98	73	357
99	17	78
100	20	491
twpt_idlut
(33,1),(35,2),(53,3),(57,4),(75,5),(42,6),(90,7),(17,8),(73,9),(56,10),(14,11),(27,12),(36,13),(55,14),(19,15),(37,16),(99,17),(45,18),(40,19),(100,20),(6,21),(64,22),(69,23),(79,24),(21,25),(11,26),(52,27),(4,28),(84,29),(95,30),(49,31),(86,32),(93,33),(97,34),(83,35),(68,36),(78,37),(16,38),(77,39),(2,40),(25,41),(1,42),(38,43),(10,44),(39,45),(29,46),(92,47),(91,48),(20,49),(26,50),(89,51),(74,52),(31,53),(22,54),(66,55),(61,56),(28,57),(85,58),(41,59),(43,60),(15,61),(48,62),(5,63),(88,64),(9,65),(44,66),(46,67),(67,68),(59,69),(60,70),(3,71),(87,72),(98,73),(81,74),(72,75),(70,76),(30,77),(63,78),(12,79),(32,80),(62,81),(54,82),(65,83),(94,84),(24,85),(51,86),(18,87),(71,88),(7,89),(13,90),(8,91),(47,92),(34,93),(96,94),(76,95),(23,96),(80,97),(82,98),(50,99),(58,100),
accounts table
0	0	-1
1	42	638
2	40	713
3	71	643
4	28	824
5	63	546
6	21	91
7	89	621
8	91	102
9	65	40
10	44	753
11	26	375
12	79	76
13	90	19
14	11	142
15	61	921
16	38	452
17	8	835
18	87	882
19	15	621
20	49	864
21	25	793
22	54	80
23	96	889
24	85	519
25	41	5
26	50	423
27	12	547
28	57	442
29	46	568
30	77	415
31	53	486
32	80	205
33	1	128
34	93	129
35	2	29
36	13	673
37	16	219
38	43	649
39	45	774
40	19	259
41	59	401
42	6	149
43	60	335
44	66	420
45	18	290
46	67	255
47	92	871
48	62	124
49	31	137
50	99	492
51	86	988
52	27	929
53	3	572
54	82	877
55	14	448
56	10	576
57	4	299
58	100	994
59	69	17
60	70	867
61	56	409
62	81	503
63	78	72
64	22	536
65	83	632
66	55	100
67	68	208
68	36	851
69	23	749
70	76	982
71	88	110
72	75	150
73	9	131
74	52	444
75	5	569
76	95	420
77	39	698
78	37	439
79	24	544
80	97	835
81	74	931
82	98	531
83	35	764
84	29	502
85	58	407
86	32	211
87	72	78
88	64	706
89	51	205
90	7	94
91	48	573
92	47	614
93	33	597
94	84	644
95	30	149
96	94	228
97	34	743
98	73	357
99	17	78
100	20	491
initial avail accts
0	0	-1
1	20	491
2	17	78
3	73	357
4	34	743
5	94	228
6	30	149
7	0	0
8	0	0
9	0	0
10	0	0
11	0	0
12	0	0
13	0	0
14	0	0
15	0	0
16	0	0
17	0	0
18	0	0
19	0	0
20	0	0
21	0	0
22	0	0
23	0	0
24	0	0
25	0	0
26	0	0
27	0	0
28	0	0
29	0	0
30	0	0
31	0	0
32	0	0
33	0	0
34	0	0
35	0	0
36	0	0
37	0	0
38	0	0
39	0	0
40	0	0
41	0	0
42	0	0
43	0	0
44	0	0
45	0	0
46	0	0
47	0	0
48	0	0
49	0	0
50	0	0
51	0	0
52	0	0
53	0	0
54	0	0
55	0	0
56	0	0
57	0	0
58	0	0
59	0	0
60	0	0
61	0	0
62	0	0
63	0	0
64	0	0
65	0	0
66	0	0
67	0	0
68	0	0
69	0	0
70	0	0
71	0	0
72	0	0
73	0	0
74	0	0
75	0	0
76	0	0
77	0	0
78	0	0
79	0	0
80	0	0
81	0	0
82	0	0
83	0	0
84	0	0
85	0	0
86	0	0
87	0	0
88	0	0
89	0	0
90	0	0
91	0	0
92	0	0
93	0	0
94	0	0
95	0	0
96	0	0
97	0	0
98	0	0
99	0	0
100	0	0
init thread data:
42	638	40	713
71	643	28	824
63	546	21	91
89	621	91	102
65	40	44	753
26	375	79	76
90	19	11	142
61	921	38	452
8	835	87	882
15	621	49	864
25	793	54	80
96	889	85	519
41	5	50	423
12	547	57	442
46	568	77	415
53	486	80	205
1	128	93	129
2	29	13	673
16	219	43	649
45	774	19	259
59	401	6	149
60	335	66	420
18	290	67	255
92	871	62	124
31	137	99	492
86	988	27	929
3	572	82	877
14	448	10	576
4	299	100	994
69	17	70	867
56	409	81	503
78	72	22	536
83	632	55	100
68	208	36	851
23	749	76	982
88	110	75	150
9	131	52	444
5	569	95	420
39	698	37	439
24	544	97	835
74	931	98	531
35	764	29	502
58	407	32	211
72	78	64	706
51	205	7	94
48	573	47	614
33	597	84	644
0	-1	0	-1
0	-1	0	-1
0	-1	0	-1
0	-1	0	-1
0	-1	0	-1
0	-1	0	-1
0	-1	0	-1
0	-1	0	-1
0	-1	0	-1
0	-1	0	-1
0	-1	0	-1
0	-1	0	-1
0	-1	0	-1
0	-1	0	-1
0	-1	0	-1
0	-1	0	-1
0	-1	0	-1
0	-1	0	-1
0	-1	0	-1
0	-1	0	-1
0	-1	0	-1
0	-1	0	-1
0	-1	0	-1
0	-1	0	-1
0	-1	0	-1
0	-1	0	-1
0	-1	0	-1
0	-1	0	-1
0	-1	0	-1
0	-1	0	-1
0	-1	0	-1
0	-1	0	-1
0	-1	0	-1
0	-1	0	-1
0	-1	0	-1
0	-1	0	-1
0	-1	0	-1
0	-1	0	-1
0	-1	0	-1
0	-1	0	-1
0	-1	0	-1
0	-1	0	-1
0	-1	0	-1
0	-1	0	-1
0	-1	0	-1
0	-1	0	-1
0	-1	0	-1
0	-1	0	-1
0	-1	0	-1
0	-1	0	-1
0	-1	0	-1
0	-1	0	-1
0	-1	0	-1
0	-1	0	-1
0	-1	0	-1
0	-1	0	-1
0	-1	0	-1
0	-1	0	-1
0	-1	0	-1
0	-1	0	-1
0	-1	0	-1
0	-1	0	-1
0	-1	0	-1
0	-1	0	-1
0	-1	0	-1
0	-1	0	-1
0	-1	0	-1
0	-1	0	-1
0	-1	0	-1
0	-1	0	-1
0	-1	0	-1
0	-1	0	-1
0	-1	0	-1
0	-1	0	-1
0	-1	0	-1
0	-1	0	-1
0	-1	0	-1
0	-1	0	-1
0	-1	0	-1
0	-1	0	-1
0	-1	0	-1
0	-1	0	-1
0	-1	0	-1
0	-1	0	-1
0	-1	0	-1
0	-1	0	-1
0	-1	0	-1
0	-1	0	-1
0	-1	0	-1
0	-1	0	-1
0	-1	0	-1
0	-1	0	-1
0	-1	0	-1
0	-1	0	-1
0	-1	0	-1
0	-1	0	-1
0	-1	0	-1
0	-1	0	-1
0	-1	0	-1
0	-1	0	-1
0	-1	0	-1
0	-1	0	-1
0	-1	0	-1
0	-1	0	-1
0	-1	0	-1
0	-1	0	-1
0	-1	0	-1
0	-1	0	-1
0	-1	0	-1
0	-1	0	-1
0	-1	0	-1
0	-1	0	-1
0	-1	0	-1
0	-1	0	-1
0	-1	0	-1
0	-1	0	-1
0	-1	0	-1
0	-1	0	-1
0	-1	0	-1
0	-1	0	-1
0	-1	0	-1
0	-1	0	-1
0	-1	0	-1
0	-1	0	-1
0	-1	0	-1
0	-1	0	-1
0	-1	0	-1
0	-1	0	-1
0	-1	0	-1
0	-1	0	-1
0	-1	0	-1
0	-1	0	-1
0	-1	0	-1
0	-1	0	-1
0	-1	0	-1
0	-1	0	-1
0	-1	0	-1
0	-1	0	-1
0	-1	0	-1
0	-1	0	-1
0	-1	0	-1
0	-1	0	-1
0	-1	0	-1
0	-1	0	-1
0	-1	0	-1
0	-1	0	-1
0	-1	0	-1
0	-1	0	-1
0	-1	0	-1
0	-1	0	-1
0	-1	0	-1
0	-1	0	-1
0	-1	0	-1
0	-1	0	-1
0	-1	0	-1
0	-1	0	-1
0	-1	0	-1
0	-1	0	-1
0	-1	0	-1
0	-1	0	-1
0	-1	0	-1
0	-1	0	-1
0	-1	0	-1
0	-1	0	-1
0	-1	0	-1
0	-1	0	-1
0	-1	0	-1
0	-1	0	-1
0	-1	0	-1
0	-1	0	-1
0	-1	0	-1
0	-1	0	-1
0	-1	0	-1
0	-1	0	-1
0	-1	0	-1
0	-1	0	-1
0	-1	0	-1
0	-1	0	-1
0	-1	0	-1
0	-1	0	-1
0	-1	0	-1
0	-1	0	-1
0	-1	0	-1
0	-1	0	-1
0	-1	0	-1
0	-1	0	-1
0	-1	0	-1
0	-1	0	-1
0	-1	0	-1
0	-1	0	-1
0	-1	0	-1
0	-1	0	-1
0	-1	0	-1
0	-1	0	-1
0	-1	0	-1
0	-1	0	-1
0	-1	0	-1
0	-1	0	-1
0	-1	0	-1
0	-1	0	-1
0	-1	0	-1
0	-1	0	-1
0	-1	0	-1
0	-1	0	-1
0	-1	0	-1
0	-1	0	-1
0	-1	0	-1
0	-1	0	-1
0	-1	0	-1
0	-1	0	-1
0	-1	0	-1
0	-1	0	-1
0	-1	0	-1
0	-1	0	-1
0	-1	0	-1
0	-1	0	-1
0	-1	0	-1
0	-1	0	-1
0	-1	0	-1
0	-1	0	-1
0	-1	0	-1
0	-1	0	-1
0	-1	0	-1
0	-1	0	-1
0	-1	0	-1
0	-1	0	-1
0	-1	0	-1
0	-1	0	-1
0	-1	0	-1
0	-1	0	-1
0	-1	0	-1
0	-1	0	-1
0	-1	0	-1
0	-1	0	-1
0	-1	0	-1
0	-1	0	-1
0	-1	0	-1
0	-1	0	-1
0	-1	0	-1
0	-1	0	-1
0	-1	0	-1
0	-1	0	-1
0	-1	0	-1
0	-1	0	-1
0	-1	0	-1
0	-1	0	-1
0	-1	0	-1
0	-1	0	-1
0	-1	0	-1
0	-1	0	-1
0	-1	0	-1
0	-1	0	-1
0	-1	0	-1
0	-1	0	-1
0	-1	0	-1
0	-1	0	-1
0	-1	0	-1
0	-1	0	-1
0	-1	0	-1
0	-1	0	-1
0	-1	0	-1
0	-1	0	-1
0	-1	0	-1
0	-1	0	-1
0	-1	0	-1
0	-1	0	-1
0	-1	0	-1
0	-1	0	-1
0	-1	0	-1
0	-1	0	-1
0	-1	0	-1
0	-1	0	-1
0	-1	0	-1
0	-1	0	-1
0	-1	0	-1
0	-1	0	-1
0	-1	0	-1
0	-1	0	-1
0	-1	0	-1
0	-1	0	-1
0	-1	0	-1
0	-1	0	-1
0	-1	0	-1
0	-1	0	-1
0	-1	0	-1
0	-1	0	-1
0	-1	0	-1
0	-1	0	-1
0	-1	0	-1
0	-1	0	-1
0	-1	0	-1
0	-1	0	-1
0	-1	0	-1
0	-1	0	-1
0	-1	0	-1
0	-1	0	-1
0	-1	0	-1
0	-1	0	-1
0	-1	0	-1
0	-1	0	-1
0	-1	0	-1
0	-1	0	-1
0	-1	0	-1
0	-1	0	-1
0	-1	0	-1
0	-1	0	-1
0	-1	0	-1
0	-1	0	-1
0	-1	0	-1
0	-1	0	-1
0	-1	0	-1
0	-1	0	-1
0	-1	0	-1
0	-1	0	-1
0	-1	0	-1
0	-1	0	-1
0	-1	0	-1
0	-1	0	-1
0	-1	0	-1
0	-1	0	-1
0	-1	0	-1
0	-1	0	-1
0	-1	0	-1
0	-1	0	-1
0	-1	0	-1
0	-1	0	-1
0	-1	0	-1
0	-1	0	-1
0	-1	0	-1
0	-1	0	-1
0	-1	0	-1
0	-1	0	-1
0	-1	0	-1
0	-1	0	-1
0	-1	0	-1
0	-1	0	-1
0	-1	0	-1
0	-1	0	-1
0	-1	0	-1
0	-1	0	-1
0	-1	0	-1
0	-1	0	-1
0	-1	0	-1
0	-1	0	-1
0	-1	0	-1
0	-1	0	-1
0	-1	0	-1
0	-1	0	-1
0	-1	0	-1
0	-1	0	-1
0	-1	0	-1
0	-1	0	-1
0	-1	0	-1
0	-1	0	-1
0	-1	0	-1
0	-1	0	-1
0	-1	0	-1
0	-1	0	-1
0	-1	0	-1
0	-1	0	-1
0	-1	0	-1
0	-1	0	-1
0	-1	0	-1
0	-1	0	-1
0	-1	0	-1
0	-1	0	-1
0	-1	0	-1
0	-1	0	-1
0	-1	0	-1
0	-1	0	-1
0	-1	0	-1
0	-1	0	-1
0	-1	0	-1
0	-1	0	-1
0	-1	0	-1
0	-1	0	-1
0	-1	0	-1
0	-1	0	-1
0	-1	0	-1
0	-1	0	-1
0	-1	0	-1
0	-1	0	-1
0	-1	0	-1
0	-1	0	-1
0	-1	0	-1
0	-1	0	-1
0	-1	0	-1
0	-1	0	-1
0	-1	0	-1
0	-1	0	-1
0	-1	0	-1
0	-1	0	-1
0	-1	0	-1
0	-1	0	-1
0	-1	0	-1
0	-1	0	-1
0	-1	0	-1
0	-1	0	-1
0	-1	0	-1
0	-1	0	-1
0	-1	0	-1
0	-1	0	-1
0	-1	0	-1
0	-1	0	-1
0	-1	0	-1
0	-1	0	-1
0	-1	0	-1
0	-1	0	-1
0	-1	0	-1
0	-1	0	-1
0	-1	0	-1
0	-1	0	-1
0	-1	0	-1
0	-1	0	-1
0	-1	0	-1
0	-1	0	-1
0	-1	0	-1
0	-1	0	-1
0	-1	0	-1
0	-1	0	-1
0	-1	0	-1
0	-1	0	-1
0	-1	0	-1
0	-1	0	-1
0	-1	0	-1
0	-1	0	-1
0	-1	0	-1
0	-1	0	-1
0	-1	0	-1
0	-1	0	-1
0	-1	0	-1
0	-1	0	-1
0	-1	0	-1
0	-1	0	-1
0	-1	0	-1
0	-1	0	-1
0	-1	0	-1
0	-1	0	-1
0	-1	0	-1
0	-1	0	-1
0	-1	0	-1
0	-1	0	-1
0	-1	0	-1
0	-1	0	-1
0	-1	0	-1
0	-1	0	-1
0	-1	0	-1
0	-1	0	-1
0	-1	0	-1
0	-1	0	-1
0	-1	0	-1
0	-1	0	-1
0	-1	0	-1
0	-1	0	-1
0	-1	0	-1
0	-1	0	-1
0	-1	0	-1
0	-1	0	-1
0	-1	0	-1
0	-1	0	-1
0	-1	0	-1
0	-1	0	-1
0	-1	0	-1
0	-1	0	-1
0	-1	0	-1
0	-1	0	-1
0	-1	0	-1
0	-1	0	-1
0	-1	0	-1
0	-1	0	-1
0	-1	0	-1
0	-1	0	-1
0	-1	0	-1
0	-1	0	-1
0	-1	0	-1
0	-1	0	-1
0	-1	0	-1
0	-1	0	-1
0	-1	0	-1
0	-1	0	-1
0	-1	0	-1
0	-1	0	-1
0	-1	0	-1
0	-1	0	-1
0	-1	0	-1
0	-1	0	-1
0	-1	0	-1
0	-1	0	-1
0	-1	0	-1
0	-1	0	-1
0	-1	0	-1
0	-1	0	-1
0	-1	0	-1
0	-1	0	-1
0	-1	0	-1
0	-1	0	-1
0	-1	0	-1
0	-1	0	-1
0	-1	0	-1
0	-1	0	-1
0	-1	0	-1
0	-1	0	-1
0	-1	0	-1
0	-1	0	-1
0	-1	0	-1
0	-1	0	-1
0	-1	0	-1
0	-1	0	-1
0	-1	0	-1
0	-1	0	-1
0	-1	0	-1
0	-1	0	-1
0	-1	0	-1
0	-1	0	-1
0	-1	0	-1
0	-1	0	-1
0	-1	0	-1
0	-1	0	-1
0	-1	0	-1
0	-1	0	-1
0	-1	0	-1
0	-1	0	-1
0	-1	0	-1
0	-1	0	-1
0	-1	0	-1
0	-1	0	-1
0	-1	0	-1
0	-1	0	-1
0	-1	0	-1
0	-1	0	-1
0	-1	0	-1
0	-1	0	-1
0	-1	0	-1
0	-1	0	-1
0	-1	0	-1
0	-1	0	-1
0	-1	0	-1
0	-1	0	-1
0	-1	0	-1
0	-1	0	-1
0	-1	0	-1
0	-1	0	-1
0	-1	0	-1
0	-1	0	-1
0	-1	0	-1
0	-1	0	-1
0	-1	0	-1
0	-1	0	-1
0	-1	0	-1
0	-1	0	-1
0	-1	0	-1
0	-1	0	-1
0	-1	0	-1
0	-1	0	-1
0	-1	0	-1
0	-1	0	-1
0	-1	0	-1
0	-1	0	-1
0	-1	0	-1
0	-1	0	-1
0	-1	0	-1
0	-1	0	-1
0	-1	0	-1
0	-1	0	-1
0	-1	0	-1
0	-1	0	-1
0	-1	0	-1
0	-1	0	-1
0	-1	0	-1
0	-1	0	-1
0	-1	0	-1
0	-1	0	-1
0	-1	0	-1
0	-1	0	-1
0	-1	0	-1
0	-1	0	-1
0	-1	0	-1
0	-1	0	-1
0	-1	0	-1
0	-1	0	-1
0	-1	0	-1
0	-1	0	-1
0	-1	0	-1
0	-1	0	-1
0	-1	0	-1
0	-1	0	-1
0	-1	0	-1
0	-1	0	-1
0	-1	0	-1
0	-1	0	-1
0	-1	0	-1
0	-1	0	-1
0	-1	0	-1
0	-1	0	-1
0	-1	0	-1
0	-1	0	-1
0	-1	0	-1
0	-1	0	-1
0	-1	0	-1
0	-1	0	-1
0	-1	0	-1
0	-1	0	-1
0	-1	0	-1
0	-1	0	-1
0	-1	0	-1
0	-1	0	-1
0	-1	0	-1
0	-1	0	-1
0	-1	0	-1
0	-1	0	-1
0	-1	0	-1
0	-1	0	-1
0	-1	0	-1
0	-1	0	-1
0	-1	0	-1
0	-1	0	-1
0	-1	0	-1
0	-1	0	-1
0	-1	0	-1
0	-1	0	-1
0	-1	0	-1
0	-1	0	-1
0	-1	0	-1
0	-1	0	-1
0	-1	0	-1
0	-1	0	-1
0	-1	0	-1
0	-1	0	-1
0	-1	0	-1
0	-1	0	-1
0	-1	0	-1
0	-1	0	-1
0	-1	0	-1
0	-1	0	-1
0	-1	0	-1
0	-1	0	-1
0	-1	0	-1
0	-1	0	-1
0	-1	0	-1
0	-1	0	-1
0	-1	0	-1
0	-1	0	-1
0	-1	0	-1
0	-1	0	-1
0	-1	0	-1
0	-1	0	-1
0	-1	0	-1
0	-1	0	-1
0	-1	0	-1
0	-1	0	-1
0	-1	0	-1
0	-1	0	-1
0	-1	0	-1
thread data from launched threads

Tgiven:	42	638	40	713


source:	42	638	
dest:  	40	713	
source:	42	538	
dest:  	40	813	Xcount=1

waiting....

Tgiven:	71	643	28	824


source:	71	643	
dest:  	28	824	
source:	71	543	
dest:  	28	924	Xcount=2

waiting....

Tgiven:	63	546	21	91


source:	63	546	
dest:  	21	91	
source:	63	446	
dest:  	21	191	Xcount=3

waiting....

Tgiven:	89	621	91	102


source:	89	621	
dest:  	91	102	
source:	89	521	
dest:  	91	202	Xcount=4

waiting....

Tgiven:	65	40	44	753


source:	65	40	
dest:  	44	753	
source:	65	-60	
dest:  	44	853	Xcount=5

waiting....

Tgiven:	26	375	79	76


source:	26	375	
dest:  	79	76	
source:	26	275	
dest:  	79	176	Xcount=6

waiting....

Tgiven:	90	19	11	142


source:	90	19	
dest:  	11	142	
source:	90	-81	
dest:  	11	242	Xcount=7

waiting....

Tgiven:	61	921	38	452


source:	61	921	
dest:  	38	452	
source:	61	821	
dest:  	38	552	Xcount=8

waiting....

Tgiven:	8	835	87	882


source:	8	835	
dest:  	87	882	
source:	8	735	
dest:  	87	982	Xcount=9

waiting....

Tgiven:	15	621	49	864


source:	15	621	
dest:  	49	864	
source:	15	521	
dest:  	49	964	Xcount=10

waiting....

Tgiven:	25	793	54	80


source:	25	793	
dest:  	54	80	
source:	25	693	
dest:  	54	180	Xcount=11

waiting....

Tgiven:	96	889	85	519


source:	96	889	
dest:  	85	519	
source:	96	789	
dest:  	85	619	Xcount=12

waiting....

Tgiven:	41	5	50	423


source:	41	5	
dest:  	50	423	
source:	41	-95	
dest:  	50	523	Xcount=13

waiting....

Tgiven:	12	547	57	442


source:	12	547	
dest:  	57	442	
source:	12	447	
dest:  	57	542	Xcount=14

waiting....

Tgiven:	46	568	77	415


source:	46	568	
dest:  	77	415	
source:	46	468	
dest:  	77	515	Xcount=15

waiting....

Tgiven:	53	486	80	205


source:	53	486	
dest:  	80	205	
source:	53	386	
dest:  	80	305	Xcount=16

waiting....

Tgiven:	1	128	93	129


source:	1	128	
dest:  	93	129	
source:	1	28	
dest:  	93	229	Xcount=17

waiting....

Tgiven:	2	29	13	673


source:	2	29	
dest:  	13	673	
source:	2	-71	
dest:  	13	773	Xcount=18

waiting....

Tgiven:	16	219	43	649


source:	16	219	
dest:  	43	649	
source:	16	119	
dest:  	43	749	Xcount=19

waiting....

Tgiven:	45	774	19	259


source:	45	774	
dest:  	19	259	
source:	45	674	
dest:  	19	359	Xcount=20

waiting....

Tgiven:	59	401	6	149


source:	59	401	
dest:  	6	149	
source:	59	301	
dest:  	6	249	Xcount=21

waiting....

Tgiven:	60	335	66	420


source:	60	335	
dest:  	66	420	
source:	60	235	
dest:  	66	520	Xcount=22

waiting....

Tgiven:	18	290	67	255


source:	18	290	
dest:  	67	255	
source:	18	190	
dest:  	67	355	Xcount=23

waiting....

Tgiven:	92	871	62	124


source:	92	871	
dest:  	62	124	
source:	92	771	
dest:  	62	224	Xcount=24

waiting....

Tgiven:	31	137	99	492


source:	31	137	
dest:  	99	492	
source:	31	37	
dest:  	99	592	Xcount=25

waiting....

Tgiven:	86	988	27	929


source:	86	988	
dest:  	27	929	
source:	86	888	
dest:  	27	1029	Xcount=26

waiting....

Tgiven:	3	572	82	877


source:	3	572	
dest:  	82	877	
source:	3	472	
dest:  	82	977	Xcount=27

waiting....

Tgiven:	14	448	10	576


source:	14	448	
dest:  	10	576	
source:	14	348	
dest:  	10	676	Xcount=28

waiting....

Tgiven:	4	299	100	994


source:	4	299	
dest:  	100	994	
source:	4	199	
dest:  	100	1094	Xcount=29

waiting....

Tgiven:	69	17	70	867


source:	69	17	
dest:  	70	867	
source:	69	-83	
dest:  	70	967	Xcount=30

waiting....

Tgiven:	56	409	81	503


source:	56	409	
dest:  	81	503	
source:	56	309	
dest:  	81	603	Xcount=31

waiting....

Tgiven:	78	72	22	536


source:	78	72	
dest:  	22	536	
source:	78	-28	
dest:  	22	636	Xcount=32

waiting....

Tgiven:	83	632	55	100


source:	83	632	
dest:  	55	100	Eureka!
The number of transactions is 33
